20

41
67
34
24
58
62
64
5
45
27
61
42
27
36
4
2
53
21
16
18
47
26
38
12
67
35
3
11
22
33
64
41
11
53
47
44
62
57
37
59
23
41
29

78
16
6
5
6
1
8
15
4
6
12
7
7
9
9
6
13
10
2
7
10
13
14
9
16
3
8
9
2
14
3
9
15
11
2
16
12
10
3
1
2
12
16
5
14
1
16
13
12
8
13
10
13
5
2
14
14
2
13
2
3
5
13
11
2
10
15
9
2
2
16
11
11
13
7
3
8
13
1
5

40
11
4
7
11
11
5
1
5
11
10
5
3
8
1
1
4
3
6
10
4
5
3
8
1
1
3
9
8
11
1
6
4
5
11
8
3
3
9
3
9
2

61
89
48
82
53
74
20
2
23
31
69
78
59
8
19
71
3
45
81
4
85
13
89
22
38
37
10
61
34
8
61
59
15
69
37
69
58
71
64
17
15
55
15
30
39
12
88
82
54
85
10
84
74
80
15
51
41
15
79
10
73
88
77

32
56
13
8
41
23
28
33
53
25
29
50
9
16
49
28
21
5
26
16
16
26
40
21
21
9
15
2
24
41
45
23
31
6

68
18
2
7
7
12
14
9
8
12
14
4
18
2
7
15
18
16
14
15
15
5
10
14
5
4
8
11
5
16
15
9
9
10
10
2
5
12
12
8
15
8
4
6
18
11
12
3
8
8
13
1
11
13
1
2
10
13
10
18
3
14
7
10
8
8
15
12
11
5

91
92
10
49
78
79
71
77
73
20
26
76
90
82
78
59
18
89
59
49
24
72
80
8
67
8
77
3
70
7
74
22
11
19
61
56
90
63
83
16
32
52
41
54
13
62
60
15
4
36
80
32
87
84
40
17
6
70
41
82
49
23
58
5
21
16
78
78
79
58
77
50
7
29
81
78
76
53
84
65
8
72
43
29
14
68
55
91
73
22
48
51
86

44
46
17
29
16
12
46
15
40
36
26
13
40
11
45
33
14
7
32
22
10
41
31
5
21
38
8
46
22
28
14
3
31
6
21
21
24
18
35
22
35
43
32
26
1
16

73
61
45
50
53
10
43
29
12
47
5
32
20
31
58
6
48
6
20
29
9
17
15
26
6
28
18
20
10
13
15
18
31
44
7
60
27
31
52
37
11
4
6
22
13
42
37
38
55
47
61
17
1
47
53
4
25
21
6
56
43
11
13
51
16
40
31
33
59
53
36
20
35
55
25

71
8
2
5
2
8
7
3
5
5
6
1
5
7
1
4
1
1
8
7
4
5
8
6
1
7
3
5
2
7
2
5
2
3
5
3
3
2
2
8
4
3
2
3
2
3
7
3
7
3
1
4
5
1
3
4
8
4
6
3
2
1
5
3
8
3
1
2
7
5
7
4
8

27
93
68
66
2
38
19
18
90
84
39
56
8
32
78
14
87
39
74
20
27
54
88
41
42
2
21
4
46

56
9
8
4
7
7
1
2
3
7
7
5
9
7
5
7
7
4
8
9
3
2
5
4
9
6
8
6
9
9
7
5
3
9
1
4
1
2
8
8
2
5
5
1
6
3
6
5
3
4
6
3
7
3
4
5
1
4

68
68
41
62
20
44
18
25
19
59
49
14
3
32
51
37
14
63
51
19
17
18
52
48
37
24
68
27
48
14
4
43
11
49
14
18
65
33
38
11
52
63
8
49
45
31
20
6
68
21
58
57
47
38
22
23
6
6
56
45
51
23
18
50
36
6
10
13
51
44

43
41
5
14
27
24
4
17
27
2
11
10
32
12
22
29
36
1
35
16
16
28
11
25
38
39
26
2
21
8
28
28
26
19
31
6
9
21
16
35
5
30
15
8
10

40
99
97
7
54
4
37
85
99
92
13
12
82
83
51
29
37
33
64
83
57
68
10
68
8
41
32
37
84
99
1
69
83
56
92
40
87
12
10
20
35
63

15
97
77
74
34
53
33
78
86
24
34
75
49
12
84
24
92

4
22
13
22
22
17

6
31
5
25
28
28
6
5

46
9
6
9
9
6
8
4
4
6
7
7
2
6
1
8
7
9
1
4
2
5
1
4
5
5
2
3
1
5
6
1
7
6
6
2
9
8
8
7
6
7
7
4
5
4
1
2

502
26928
24898
10945
2222
8686
5794
23577
12844
18683
21547
13240
485
16464
20337
16653
15255
1466
4858
22512
3318
13201
142
21276
10684
15023
26312
8250
13475
20311
26850
19195
5488
11520
26101
20183
24798
18848
6784
12187
14462
18258
16859
8871
14016
8172
22832
24441
17683
16088
22015
13976
18516
18298
39
3205
19997
5769
23675
917
9387
15020
6030
17442
21735
20373
3480
12073
10777
786
8381
522
18345
20979
16085
15713
19735
2186
16096
20648
2085
14752
521
9260
21982
6636
7688
19919
17236
26792
19278
4198
26386
21011
10976
7547
12121
23202
7245
6702
2572
2257
2370
21920
19359
11080
7298
23391
23960
25867
22033
1675
12136
17775
25790
14376
20272
20703
5086
20967
9515
23542
23495
3566
18456
14186
8437
19198
12626
18364
1085
18908
20340
1360
2814
21154
18012
19752
3338
8706
12525
23179
3079
8313
8421
14145
5991
1969
21839
24308
16565
23762
19473
23681
21970
23147
22708
6508
16715
4429
14663
11771
5541
16259
18631
23572
2514
10966
25988
18170
22199
655
3850
13444
12936
16278
19406
10313
7523
23327
17073
23461
2173
9934
25587
6153
26126
20595
1495
2406
23859
23305
22496
24833
24223
4852
17879
6126
7793
21465
15444
17107
17271
24087
16519
8596
5715
17552
22492
14753
8257
24959
13357
10886
7809
5865
25686
259
22313
2435
1028
4101
10468
22869
456
6731
7578
26074
11395
13316
15024
18585
5722
8971
10057
14095
8174
5038
2183
26658
17295
25722
16983
6231
2232
24300
15590
21480
17408
15505
22858
9818
10557
15561
24120
5028
23656
25713
3332
23092
17182
26467
11320
7358
21074
3987
9094
4983
21364
19714
26746
24390
10425
26255
13163
5792
14231
22619
2880
4718
16128
19948
4720
9079
3766
5808
12126
14825
17518
3220
10035
25456
24147
3360
751
16208
22294
12589
17524
7976
9694
4090
20189
7419
21702
24844
20523
26539
20609
11827
6637
8186
1827
15169
17623
14899
22514
10415
3644
5436
23669
10378
17858
7952
9846
5915
22988
24616
7288
2382
20333
3915
11056
25656
9616
24524
12129
1984
4872
7049
23396
18026
8582
10202
18775
5416
14552
18759
12755
11417
22844
3554
19443
6824
121
15733
19917
15793
21873
12060
9074
5985
13208
11026
26720
26291
10929
9072
10193
8
12254
922
15137
13803
21090
7912
12289
17253
7299
12322
22902
6369
12729
9734
12438
12274
5226
16463
22972
24348
16453
9503
2307
25518
18333
20695
13179
661
23144
17659
10961
21907
6576
13472
20645
3592
22972
628
24196
6811
15535
15835
1229
3716
23532
24956
16158
24620
23296
19724
13120
24526
16406
8983
3445
21691
26588
20664
18104
20877
20353
2942
17004
14852
15625
17611
8724
20135
13590
10146
7328
23855
16909
19381
12779
10083
692
10532
17312
26099
6161
11047
22405
15290
17569
22139
21228
21778
18456
22148
24745
16125
7210
4698
25616
24815
6064
16226
19593
3005
18536
15333
11105
15638
1064
14518
8399
5032
17508
13896
13438
23978
22638
8245
4059
24169
744
24769
11049
26518
16467
10558
23061
25603
9190
22186
1226
3603
17004
21300
423
5396
4566
25230
