031526          Arrowtown                      1526   22  0.38   8.36
0889256287213   Broadwood0000000baaaaaaad   6287213  122  0.81  98.82
008520123456789 Hong Kong.0123456789012340123456789   64 11.11 711.04
779760          Local                        779760    1  0.00   0.00
002832769       Los Angelos                 2832769    5  0.10   0.50
001234          Los Angelos                    1234    1  0.10   0.10
0123456                                       23456    3  0.24   0.72
0123            Unknown                                      4  -1.00
00134           Unknown                                      5  -1.00
00123456789012  Unknown                                      9  -1.00
0061234         Unknown                                    600  -1.00
0061853279      Australia                    853279  300  1.40 420.00
00611234567890  Australia                1234567890  700  1.40 980.00
006112345678901 Unknown                                    800  -1.00
123456789       Local                     123456789    2  0.00   0.00
123456789012345 Local               123456789012345    4  0.00   0.00
