128
21 43
184 51
34 173
96 88
193 187
127 148
46 86
129 65
197 74
144 113
11 78
151 123
91 16
90 43
176 75
117 179
29 196
120 52
139 15
153 167
115 131
168 31
95 112
185 96
161 91
120 80
2 171
187 71
113 44
118 28
6 40
187 34
37 35
1 58
25 175
57 153
183 139
50 177
72 29
72 186
65 32
155 191
13 18
13 141
168 78
69 130
115 174
160 8
65 151
77 112
64 89
179 133
61 198
178 180
165 133
116 49
40 181
150 70
162 4
33 162
91 82
7 54
61 157
59 166
29 125
166 87
172 92
41 144
76 32
164 170
19 40
173 32
53 10
13 122
84 167
48 198
51 126
35 6
171 63
187 45
132 199
42 104
200 103
134 34
3 75
66 50
33 21
30 38
160 85
3 195
144 195
72 2
7 194
56 106
151 129
79 194
98 82
184 120
105 49
123 69
1 59
1 117
1 187
1 31
1 149
1 177
1 13
1 186
1 136
1 159
1 188
1 82
1 102
2 190
2 153
2 95
2 148
2 11
2 102
2 77
2 113
2 95
2 155
2 146
2 144
2 27
1 1
2 2