1
1 2
1 5 6
1 12 23 24
1 27 93 119 120
1 58 360 662 719 720
1 121 1312 3728 4919 5039 5040
1 248 4541 20160 35779 40072 40319 40320
1 503 15111 103345 259535 347769 362377 362879 362880
1 1014 48854 504046 1814400 3124754 3579946 3627786 3628799 3628800
1 2037 154674 2358162 12096276 27820524 37558638 39762126 39914763 39916799 39916800
1 4084 482355 10670040 76988514 239500800 402013086 468331560 478519245 478997516 479001599 479001600
1 8179 1487905 47021355 470302890 975924391 251096374 756717875 179999403 225532853 227012579 227020757 227020758
1 16370 4553684 202964470 774706631 617969403 589145299 560321195 403583967 975326128 173736907 178274221 178290590 178290591
1 32753 13857492 861948404 903177820 680176027 67772254 606586597 994182831 771181038 812410454 660501359 674326098 674358850 674358851
1 65520 41998265 614083499 997321453 112834271 595989979 394870773 193751567 676907275 792420100 175658047 747743281 789676026 789741545 789741546
1 131055 126912075 2311420 355609169 647541532 300272528 522875939 902730259 125333663 778064666 69997022 423294771 298694116 425475136 425606190 425606191
1 262126 382702050 786014723 808094298 152559164 224864485 185732743 830455698 475178646 436046904 508352225 852817098 874896673 278209339 660649263 660911388 660911389
1 524269 152300159 884589586 44677507 420580781 404761342 959371258 331428649 225887658 597945056 152554965 136735526 512638800 672726728 405016148 556792038 557316306 557316307
1 1048556 465813050 975160853 492231234 148969763 300879491 532106084 535941588 573163035 610384482 614219986 845446579 997356307 654094836 171165217 680513020 145277507 146326062 146326063
1 2097131 416313151 819465185 63729692 277287032 191733091 168281999 208747223 626987741 445859568 864100086 904565310 881114218 795560277 9117610 253382124 656534158 70750171 72847301 72847302
1 4194282 288784935 771497388 249556507 683397250 501437082 30519238 66390966 774844030 801320322 827796614 536249671 572121399 101203555 919243394 353084130 831143256 313855702 598446355 602640636 602640637
1 8388585 950240445 572903261 134735414 342844063 444415476 765710085 24788019 611522802 112651776 748082784 249211758 835946541 95024475 416319084 517890497 725999146 287831299 910494122 852345975 860734559 860734560
1 16777192 26881599 296421797 558838952 482301802 939257347 236328205 708743369 462260244 188965899 328814650 468663401 195369056 948885938 421301095 718371960 175327498 98790348 361207503 630747701 640852108 657629299 657629300
1 33554407 449743021 750200760 722630644 511750809 256233760 858000420 159941531 253752870 550268249 402332445 38399943 890464146 186979518 280790857 582731975 184498628 928981586 718101751 690531635 990989374 407177981 440732387 440732388
1 67108838 120980410 895149418 367369047 523117615 516901614 476210963 25480807 96593161 859243726 531744742 729521009 927297276 599798292 362448850 433561204 982831055 942140404 935924403 91672964 563892600 338061601 391933173 459042010 459042011
1 134217701 973553335 363147060 530132284 853455607 80663500 630818279 801124541 399105322 997171492 269592661 928199393 465934827 124541552 396962728 995028898 593009679 763315941 313470713 540678613 864001936 30987153 420580885 259916512 394134212 394134213
1 268435428 276102488 817868112 3043723 783643778 487212121 659816190 195668037 411294832 753676767 189855671 110481912 517878947 925275982 845902223 282081127 624463062 840089857 375941704 548545773 252114116 32714164 217889782 759655406 767322466 35757886 35757887
1 536870883 807628543 174034578 644053170 771868269 650647823 509983956 957336035 830640974 693751308 90772986 473955564 907533882 129444841 563023159 946205737 343227415 206337749 79642688 526994767 386330900 265110454 392925553 862944145 229350180 500107840 36978715 36978716
1 73741787 918399358 694480283 571130251 88485554 307504794 394123628 325687258 453130251 413442733 576799285 704563045 288763232 554680740 820598248 404798435 532562195 695918747 656231229 783674222 715237852 801856686 20875919 538231229 414881197 190962122 35619686 109361472 109361473
1 147483603 819968082 574703609 912138473 809169501 276186826 225599216 601905061 370734851 610474992 777003249 541706582 20256901 940422728 449782921 369948741 848499067 613202400 779730657 19470791 788300588 164606426 114018816 581036148 478067176 815502040 570237567 242722039 390205641 390205642
1 294967236 736928691 257920557 77689668 570617108 162545153 433277496 605927447 949259740 500656685 533538681 805247150 34315020 450708139 243290230 35872321 452265440 681333317 953041786 985923782 537320727 880653020 53302964 324035307 915963359 408890792 228659903 749651776 191613224 486580459 486580460
1 589934503 59803076 402614113 610223887 521323649 973860774 529848744 852006822 428928520 390937633 916254445 138986423 780106025 378292396 554681966 502473109 678862679 277049050 918168652 140900630 666217442 628226555 205148253 527306331 83294301 535831426 446931188 654540962 997351999 467220572 57155067 57155068
1 179869031 467378695 404548711 726928614 214210590 892763801 559169873 914279858 737448760 165669825 595681133 48166697 701212719 496400275 684174479 971636156 259097826 446872030 242059586 895105608 347591172 777602480 205823545 28992447 384102432 50508504 729061715 216343691 538723594 475893610 763403274 943272304 943272305
1 359738095 157945028 106934277 771104295 366193192 247243043 577981415 766935266 231483840 521138182 958579501 731151896 828478633 470258358 378396749 832955078 181575373 636133702 544272093 186051818 283378555 55950950 493392269 783046611 247595185 436549036 767287408 648337259 243426156 907596174 856585423 654792356 14530443 14530444
1 719476224 345192135 481977969 170484013 330287827 350303785 546656447 507915445 255155162 519615925 10270212 552302954 684042385 451926495 459515039 349774410 261547992 173321574 63580945 71169489 839053606 970793037 512825772 3480059 267940822 15180539 976439544 172792199 192808157 352611971 41118015 177903849 803619767 523095983 523095984
1 438952476 497767846 319252240 275714961 266731316 360761221 532061243 877619388 265268523 349809303 113640578 426423441 279561178 827829748 842696907 136465645 353577569 973706 218085630 511854375 526721534 74990097 928127841 240910697 4741972 89282752 476931894 822490039 993790061 87819959 78836314 35299035 856783436 915598806 354551274 354551275
1 877904988 856640086 201115598 913898648 423266578 793999273 79326469 328350378 226027905 10152377 458728744 384519127 148018978 847353188 695404751 16550872 93709079 736474183 379239280 456397487 777543615 625595178 324929381 88429232 14219615 462795982 246920454 144597981 393621890 678949093 49681781 559049718 271832761 616308280 595043378 472948358 472948359
1 755810006 174499588 786865192 407423495 698254628 102525274 248589040 334947437 782439935 440457445 778859072 925695883 685243790 262753180 615599130 580269241 34331720 867190952 577794930 410654155 864716641 829386752 182232695 759742092 519289999 666126810 4528430 662545947 110038438 196396835 342460601 746731254 37562380 658120690 270486287 689175876 444985874 444985875
1 511620043 488468790 429445873 577398992 41926472 760079481 269521053 720787103 872822341 535789821 679117177 63241192 661505787 72392303 155662288 23356919 383894171 197594089 899717444 601840792 415540710 776077962 643772593 727042578 137929094 736193689 120317704 263645060 926612547 78647778 529913828 39355400 757508409 222035889 369989008 310966091 287814838 799434880 799434881
1 23240118 906967864 791128589 347046262 460523412 746056373 238791108 111757518 72623386 78358037 687310772 837416319 968593132 285034881 300404155 132962507 447304166 199959369 143824595 633005302 576870528 329525731 643867390 476425742 491795016 808236772 939413585 89519125 698471860 704206511 665072379 538038789 30773524 316306485 429783635 985701315 869862040 753589779 776829896 776829897
1 46480276 627268173 629292929 6988886 256805799 340713884 276245357 885924170 302474408 113263352 598470304 818424325 7960521 427537569 217373302 770466431 242575079 87223731 275597969 313427725 351257481 539631719 384280371 856389026 409482148 199317881 618894929 808431132 28385146 513592098 324381042 740931287 350610093 286141566 370049651 619866564 997562528 999587284 580375174 626855449 626855450
1 92960593 741015538 980630281 948075571 799423569 630005875 134948698 365659549 260241466 925077858 692807490 593625149 845752558 635958081 21487090 749635053 628012036 479052736 518105144 645137459 309646709 436679024 475731432 326772132 205149115 933297078 318826087 109031610 361159019 261976678 29706310 694542702 589124619 819835470 324778293 155360599 6708597 974153894 213768630 861823575 954784167 954784168
1 185921228 34430885 563142413 984958520 823412832 988712947 759800923 14140315 34839221 763824690 916181077 194158924 649290079 66195159 150619582 323947240 794727816 802302716 859368397 464304776 5251549 546198329 151134708 208200389 215775289 686555865 859883523 944307946 361213026 816344181 94322028 246678415 975663884 996362790 250702182 21790158 187090273 25544585 447360692 976072220 824581877 10503097 10503098
1 371842499 911984182 664235916 450488931 353858971 210677979 660786129 480095874 843303235 586605041 200387442 841860259 108987645 471629615 329572895 724451313 51676007 906674575 244935581 375241614 794543856 678095561 97397796 227703829 565964842 420963403 748188104 143066515 1009795 363651765 630779158 272251968 886034376 629336182 992543543 811853288 261961431 118780439 22150479 808403501 560655235 100796911 472639409 472639410
1 743685042 725179877 960279028 486117008 142710926 275245617 292052143 769949443 716483639 968268431 349220544 556968834 465355122 453061150 422054637 873286129 214804743 622068988 472250374 3463321 485763386 870706360 255649327 737949392 269162339 119343725 526607970 868126591 319358076 288351563 276057591 184443879 392192169 773144289 24929074 971463277 449360570 466167096 598701787 255295705 781133692 16232836 997727678 741412712 741412713
1 487370122 897681241 23850578 762303922 787062744 635156310 70996116 27526295 652965536 444363493 80041347 114093205 894943062 687281007 797769702 507503114 191782912 833843457 240869974 351239381 773377447 684567327 161829946 73019826 495157892 605527299 12553816 654614361 338894159 48627571 159116266 951454218 732304068 766355926 402033780 193431737 818870978 775401157 211240963 59334529 84093351 822546695 948716039 359027151 846397272 846397273
1 974740290 624699045 593376643 837094436 739140936 715666422 974221153 16585158 575654521 47723052 957581800 284658782 408371726 842335878 757307218 358413469 677185710 404729984 165016080 879516208 146527558 79484451 313534412 547584373 480541266 747552623 462052744 222338840 949883121 268655355 869761613 784732953 218697098 342410042 669487031 579345772 51414303 610483666 652847678 911402409 887927895 789974395 33692181 2369779 652328541 627068823 627068824
1 949480620 712150153 484963387 294044262 429906084 53584014 136092267 118112269 403366330 399825216 256734433 173508700 680261429 519676672 913999189 326859739 300160158 5440800 37491031 90290447 970543710 637858846 511937100 214435066 88513320 755828463 636081719 688881135 720931366 426212008 399512427 812372984 206695494 46110737 552863466 469637733 326546950 323005836 608259897 590279899 672788152 296466082 432327904 241408779 14222013 776891553 726372165 726372166
1 898961281 762039277 698760348 293573564 517383927 861049584 339266703 642793326 758154004 129364106 274171278 754787044 769973101 604299878 292993648 718588555 862394387 408340035 913044620 983339272 880093975 875433348 870820200 159304024 447787855 443174707 438514080 335268783 405563435 910268020 456213668 600019500 25614400 714308177 548634954 563821011 44436770 189243942 560454051 675814729 979341352 457558471 801224128 25034484 619847707 556568778 419646774 318608047 318608048
1 797922604 436259004 610887145 610843597 315113830 792239680 739265463 34341320 936066175 749165109 335255414 230739996 706743776 783529554 838393923 177789313 236521008 355080804 919433275 41462976 878906009 777597996 536384888 623925618 625084725 712625455 471412347 370104334 207547360 329577068 893929539 12489328 71221023 410616420 465480789 542266567 18270340 913754929 499845234 312944168 214669016 509744880 456770663 933896513 638166746 638123198 812751339 451087739 249010335 249010336
1 595845251 406984328 383980611 765913583 989488239 725799977 772669344 97486565 802997120 619529052 989669097 74580982 662532586 902462763 621366425 366205402 302214716 551728442 751251025 373153818 579821338 373027868 645980962 80532216 474268694 868005172 302556426 575509520 368716050 575383570 197286363 396808946 646322672 582331986 327170963 46074625 286004802 873956406 958868298 329008336 145540268 851050823 175868044 222737411 959049156 182623805 564556777 541553060 352692137 948537387 948537388
1 191690546 13215317 478154369 260637089 934867548 597058483 842353451 874829983 221893411 540698332 276720037 556316366 184114418 713179447 332984730 594682938 257053832 758140602 232058855 876262761 323837626 974280929 321351078 100772196 505355778 767125443 171709018 951130143 298200292 948643595 396218460 40422359 514340619 15427382 677798283 939496491 559301774 88366796 716164855 995761184 731782889 50587803 397651238 430127770 675422738 337613673 11844125 794326852 259265897 80790668 272481213 272481214
1 383381144 815863734 573383312 732749358 119785434 118183801 203517588 779374827 711453082 489098220 29970206 577634149 830256324 878153888 428574442 430044802 35554562 401555397 417957358 59460014 164835879 447427549 940853490 838486085 960871611 356992729 753113854 875499380 773131975 266557909 549149579 654525444 296028100 312430061 678430896 283940656 285411016 835831577 883729141 136351309 684015252 224887238 2532376 934610638 510467870 595801657 594200024 981236107 140602146 898121731 330604314 713985457 713985458
1 766762341 383410536 902583381 332912166 623430894 576987397 182779302 376182379 186397741 684015776 390865785 767992533 306588400 382560958 105192417 596590269 551639678 909516719 413585901 459210361 588569765 565581650 450737527 187756482 298758008 543208539 725991385 970441916 81443435 818462397 703618274 680630159 809989563 855614023 359683205 717560246 672609655 164007500 886638966 962611524 501207391 878334139 585184148 82802176 893017545 86420615 692212527 645769030 936287758 366616543 885789388 502437583 269199916 269199917
1 533524729 788635394 547681235 696312932 386193524 587025347 157629269 976268528 168366711 912071776 787083326 791131502 547923734 308538644 985516880 244538738 599944202 691485488 14319617 118923948 561686908 431179971 916313252 666775261 400402577 330612624 537597627 744582630 674792677 408419993 158882002 644015283 513508346 956271306 60875630 383709766 475251052 830656516 89678374 766656610 527271520 284063752 288111928 163123478 906828543 98926726 917565985 488169907 689001730 378882322 527514019 286559860 541670525 75195246 75195247
1 67049506 176241331 988400521 960988663 829120417 418853468 25275945 352621552 568287597 777658123 488229482 916375562 689586575 640876299 418354288 577833445 336006278 936103703 871355221 12909099 519450044 14494002 220456839 991405274 80499876 938618018 640499484 645629574 347511040 205629175 294723784 65672212 271635049 766679014 273219952 414773837 350025355 950122780 708295613 867774770 645252759 596542483 369753496 797899576 508470935 717841461 933507506 260853106 867275590 457008641 325140395 297728537 109887720 219079545 286129050 286129051
1 134099068 216446795 470633867 190170529 946132600 217115228 144880813 412115245 608710312 263756167 631027155 883208765 974736435 265366937 610472935 975694191 161450601 890214989 999044770 511234032 892628455 514113460 783760169 60207313 817965313 838182453 92525770 297742423 502959076 757302400 777519540 535277533 811724684 81371386 702856398 84250814 596440083 705269864 434034245 619790662 985011918 330117909 620748418 712276088 964457698 331728679 986774541 183369601 450604033 378369618 649352253 405314317 124850979 379038051 461385778 595484845 595484846
1 268198193 158888137 787109102 365081281 755833532 718701446 231923048 953077785 280749943 119412589 968865576 508962795 390704144 868906873 178345104 226664223 909572355 372108670 699279593 699615596 553484928 959233659 804214904 153028375 253939306 805815911 574377407 410303290 723302386 559228269 327789765 879666370 980577301 329390772 174372017 580120748 433990080 434326083 761497006 224033321 906941453 955260572 264698803 742901532 624642881 164740100 14193080 852855733 180527891 901682628 414904230 377772144 768524395 346496574 974717539 865407483 133605668 133605669
1 536396444 763961307 46171996 116406700 249390198 90087003 227859303 405775373 461388330 70285581 358191065 153198043 882146390 615289365 85423789 522131186 892199581 362530977 869938464 963831356 762060798 541316199 833569049 973230798 805386629 137026485 868676261 704494824 8170042 311845267 147663830 879313606 210953462 43109293 182771042 475023892 254279293 52508735 146401627 653809114 124140510 494208905 930916302 401050726 134193701 863142048 658149026 946054510 554951761 610564718 788480788 926253088 766949893 899933391 970168095 252378784 479943647 16340083 16340084
1 72792940 402877442 730482182 167665255 898709639 97679615 597485541 500662008 308427148 842557730 742286200 184745546 550357348 808074072 54801846 634876794 511233190 360470657 262539113 37996651 354760062 408582614 34356259 339255336 3129899 82860264 844809117 227989912 84440650 912304474 768755212 151936007 913884860 993615225 657489788 962388865 588162510 641985062 958748473 734206011 636274467 485511934 361868330 941943278 188671052 446387776 811999578 254458924 154187394 688317976 496083116 399259583 899065509 98035485 829079869 266262942 593867682 923952184 996745123 996745124
1 145585940 503415751 288820182 475810355 781512016 112787100 54583468 172691493 118695693 997919410 35320543 773715632 572788968 987906177 48236582 258988477 136776097 831969457 390549714 562033227 324587341 233042379 350689436 752564920 294569386 346773579 471904070 490408071 828896621 899098634 969300647 307789190 326293191 451423682 503627875 45632341 447507825 565154882 473609920 236164034 407647547 966227811 661421164 539208784 749960679 810291091 225408293 24481629 762876718 800277858 679501568 625505768 743613793 685410161 16685245 322386906 509377079 294781510 652611321 798197260 798197261
1 291171941 245403583 856809827 130622198 810262114 554182288 639958202 501730681 339605989 149289427 317736069 824330289 931111205 312462825 203375302 621686839 116451113 825567804 585680630 205785559 184283599 343468231 505199126 140321344 503705831 967384396 350389050 266572229 50364686 396749148 889677952 236062407 19854864 936038050 319042704 782721269 146105749 781227974 942958869 102143494 80641534 700746470 460859296 169975980 664740261 83051791 973964275 355315895 462096811 968691031 137137666 946821111 784696419 646468898 732244812 476164986 155804895 429617273 41023510 995255159 286427092 286427093
1 582343944 497699024 151454162 204890426 437660084 64216164 153873492 713276966 489516454 641300981 575882955 920833094 252070942 311391070 252220306 127315317 693714418 926088221 38595640 505763626 697232572 455396767 863508089 210799353 428562552 756494131 636731348 994211258 574396296 961258135 165666913 370075698 756937537 337122575 694602485 574839702 902771281 120534473 467825744 875937066 634101261 825570207 292738186 405245612 637619415 204018509 79113520 19942756 79262884 410500739 755450878 690032852 841817379 618056867 177460334 267117662 893673749 126443400 179879664 833634809 748989889 331333825 331333826
1 164687944 598421341 965456902 111701780 714495540 833797845 891309256 36408141 125397362 488199076 899547173 916743595 491480632 274413031 293687193 270934979 470679297 506539084 445882451 319244222 86952243 757893392 395461310 810307112 363800986 710718261 818760276 754454653 29282546 328475906 22859412 513839131 208222637 507415997 782243897 717938274 825980289 172897557 726391438 141237233 778805158 449746300 217454321 90816092 30159459 66019246 265763564 243011350 262285512 45217911 619954955 637151377 48499467 411301181 500290402 645389294 702900705 822203010 424996763 571241648 938277209 372010599 536698542 536698543
1 329375952 170604411 963950470 451379509 989079970 991821446 490748673 132300504 292829495 267044662 157315921 593666491 551395410 181707494 419646512 996566974 477106191 746169338 218446660 768838775 959695009 170494318 322593617 471591258 871109829 377631270 932581303 173314785 38843692 207642119 899681911 711051800 522421689 214461474 383259901 248788808 489522297 44472323 550993771 950512342 99509976 251609275 462408591 653264825 203656933 675934262 944997409 425536626 2457081 240396099 870708190 828437109 264787672 155058931 129274098 289803089 931354927 430282154 433023630 970724091 458153130 251499182 92727641 422103592 422103593
1 658751969 591874014 603879675 21826251 468629638 287547860 443454264 654127367 469423608 335942869 575247350 212724005 183859490 398173513 981426281 923963899 419692765 78314331 438891813 194160453 711034688 147949388 73502377 338713189 984096845 40437135 839895734 464217999 577957756 835278552 57295065 53893996 227046539 223645470 445661990 702982786 816722543 441044808 240503400 296843697 942227353 207438158 132991147 569905854 86780082 842048729 202626204 861247777 356976643 299514261 882767029 97081045 68216530 705693192 944997673 811516934 626813175 837486278 993392682 812310904 259114284 677060867 689066528 622188573 280940534 280940535
1 317503997 594499719 295455316 153550514 165005362 599242728 800505572 50947655 633623072 452517005 715768689 404016077 61129032 717155560 407842920 760126159 752664349 52917620 536924064 705284556 574143806 399396639 273830064 628431859 812471635 439773003 134565777 218255275 979016404 278071755 903469735 783829122 551978127 320127132 200486519 825884499 124939850 885700979 969390477 664183251 291484619 475524395 830126190 704559615 529812448 398671698 567032190 51038627 351291905 343830095 696113334 386800694 42827215 699940177 388187565 651439249 470333182 53008592 303450682 504713526 938950892 950405740 808500938 509456535 786452257 103956246 103956247
1 635008061 738762805 824302726 676892661 663714484 425031442 957850690 488862879 342142302 727824944 382693315 335255270 76690522 58301030 534731092 129976305 314392027 638651964 331444569 583330468 779537549 596737528 544770123 759319102 146832111 997679436 798534732 712033978 882447586 822847442 199686182 391271080 201275266 971705735 781709921 973294819 350133559 290533415 460947023 374446269 175301565 26148883 413661899 628210878 576243473 393443452 589650533 841536432 534329037 858588974 43004689 638249909 114679964 96290472 837725731 790287686 445156057 830838699 684118122 215130311 747949559 509266517 496088340 348678275 434218196 537972940 172980993 172980994
1 270016183 761828194 55555670 964140103 303416879 789232278 14754686 828657567 753195536 192470006 806166210 171837283 847962295 92494125 703953015 550344851 417824262 168380497 561489314 490723513 149688227 363227597 524408960 497632784 227675115 251125314 261508360 388909003 954786322 923726143 658160361 300334234 929117784 54334748 179551719 808335269 450509142 184943360 153883181 719760500 847161143 857544189 880994388 611036719 584260543 745441906 958981276 617945990 547180189 940289006 690845241 558324652 404716488 16175371 260707208 936832220 302503293 916199497 355473967 280011936 93914810 319437225 805252624 144529400 53113826 346841309 838653320 108669495 108669496
1 540032435 646584886 264711321 487374679 489607521 943306034 839670659 372708579 80066541 308901897 29724727 991524523 666197114 873300059 350425003 369324948 689113567 926090899 817191494 379659207 338592942 539269522 657511896 563631508 313028074 798088426 120622456 261712053 588858475 826962851 86450730 921123202 702371020 349956159 365578008 13163147 794410972 629083437 888571323 126675692 453822114 594911711 917445748 402506093 151902659 58022271 176264645 376941225 335874960 898342680 789443275 26420600 346209219 365109164 842234115 49337053 724009651 685809440 406632270 635467626 342825588 875863515 772228140 225926646 228159488 450822846 68949281 175501732 715534166 715534167
1 80064933 201992400 26617217 172531762 104373695 427630837 88950979 253628336 908597147 281979812 890810418 643577594 835181468 72736026 511602974 551899106 347591174 118745754 500556180 649609198 432004892 994252968 665222273 993846504 65779054 634650587 493319246 776415061 657660280 779045513 844937155 768643905 883295950 236193039 759229837 282266628 635163724 749815769 673522519 739414161 860799394 742044613 25140421 883809087 452680613 524613170 853237401 524206706 86454775 868850476 17903487 399713913 170868493 966560568 6856693 445723641 683278206 874882080 627649256 236479855 609862527 264831331 429508688 90828830 414085972 345927905 491842450 316467267 438394734 518459666 518459667
1 160129937 210522468 43944370 672629552 185870140 882079666 507612041 975517631 64556463 434800633 890493359 815133375 663618255 531565191 331600982 32051080 611091710 26092575 304648450 670714245 634176428 468062556 683729536 776831312 421040756 161402193 372215009 222083285 115655652 772142306 978854587 162734652 9174175 832002178 71416323 776139109 15553254 838381257 684820780 868700852 75413126 731899780 625472147 475340423 686153239 426514676 70724120 163825896 379492876 213379004 176841187 542906982 821462857 236463722 815504352 515954450 315990241 183937177 32422057 957062080 412754799 782998969 872037808 339943391 965475773 661685292 174925880 803611062 637032964 687425495 847555431 847555432
1 320259946 792847 912350142 395309248 854030054 627856916 278153850 774441057 78692573 849864076 643559295 916828326 198657664 126954581 136396538 446124201 794511176 105802737 501968001 231366785 829021820 108436315 812636391 923529700 234962296 146774575 846521011 190090509 241334009 909604326 753323195 503281268 821307988 477868852 187070154 359550767 532031380 241232682 897793553 215820266 965778346 809497215 477767525 529011025 872580530 572326959 484139238 795571841 906465150 610665219 890079721 487734749 217133533 613298797 924590365 272977333 582704996 592146953 520443870 802273215 75542239 869237465 640408961 944660484 440947684 91244618 865071487 323792286 806751399 718308687 398841588 719101533 719101534
1 640519965 61094492 705692684 841055725 400518212 469041650 291643864 328123438 125594078 384829410 264147901 819444171 707734776 823778464 672664824 495110516 730280352 502877537 858510450 964974322 500919435 603169570 33525274 720061609 361974639 241103628 600993123 452590959 794093070 816430236 219327817 247855698 559003244 577728997 371410597 412044091 520570588 561204082 354885682 373611435 684758981 713286862 116184443 138521609 480023720 331621556 691511051 570640040 212553070 899089405 329445109 431695244 967640364 74104229 429737142 202334327 437504163 259949855 108836215 224879903 113170508 668466778 547785269 807020601 604491241 640970815 463573029 532096467 91558954 226921995 871520187 292094714 932614678 932614679
1 281039997 941240599 221574111 309458811 277009595 919047968 227982874 493249676 912087534 396738496 798856863 294091797 713825046 528497911 189344604 104103052 861455977 180652910 331350757 482535043 128840517 421629885 169423992 711329066 414420749 246555099 400781392 371814305 641975906 43525039 941420234 610334046 416049409 139647598 479941120 730644447 439357557 148070667 398773994 739067516 462665705 268381068 937294887 835190075 236739208 506900809 477933722 632160015 464294365 167386048 709291122 457085229 749874597 396180071 547364357 698062204 17259137 774612062 689370510 350217203 164890068 584623317 79858251 481976618 966627587 385465438 650732240 959667153 601705519 569256303 657141003 937474522 597675117 878715113 878715114
1 562080069 620681414 596859688 500629928 633632990 824007251 238172329 942082383 168603338 561900252 374284351 950032215 521333659 184621153 267885990 130428033 648287507 396851585 924230898 688878099 373918536 654875161 412559531 593274052 52721511 378024934 303078666 20121451 734549263 880167675 84074019 563513387 390043604 361740954 3431677 231489017 190720284 470343025 429574292 657631632 299322355 271019705 97549922 576989290 780895641 926514053 640941858 357984643 283038375 608341798 67789257 248503778 6188148 287144773 972185217 736832418 264211724 12775802 530635276 393177319 476442156 139729650 711031101 286778958 99163057 492459971 718980933 422890980 837056065 27430319 160433381 64203621 40381895 98983240 661063308 661063309
1 124160207 18049109 317863052 73906542 847152483 755992697 585885789 912631980 747634969 477326299 576828557 678901358 100732510 613337567 732687221 558321825 494856973 789142713 502009603 147600796 803381014 627647938 264687123 697506191 221009766 895470195 387449159 434376608 2307377 809012859 178081357 379272472 56071298 432808159 316660335 705792330 506931360 781468876 56006385 857145422 246277410 130129586 506866447 183665273 384856388 753924893 560630368 128561137 175488586 667467557 341927979 865431561 298250622 935289814 759556738 415336949 60928142 773795039 68080772 4615920 830250531 949600185 462205235 884036394 986109195 85611446 815302783 650305772 977051963 806945055 715785269 489031203 245074693 544888636 438777538 562937744 562937745
1 248320491 490322996 625135369 891398397 478092394 286927193 362567393 225692707 447955820 89766789 902804451 896402094 538843095 646944040 363261907 918078349 965056545 685129619 599611735 216173466 87627498 425238945 873127262 730759200 714081745 670202852 517556005 969379365 353674955 190152550 722207496 707733858 973685246 615422558 10522687 414050007 200876874 754540214 717541340 271204673 58031540 461558860 856658996 498396308 764347696 749874058 281928997 118406592 502702189 954525549 801878702 757999809 741322354 598954292 46842602 384454049 255908081 872469819 786951935 507025009 554003205 108819640 825137514 933238459 575679460 569277103 382314758 24125727 246388840 109514154 185154354 993989160 580683157 846946185 981758558 223761056 472081546 472081547
1 496641060 591646655 765088899 342144303 832035266 909234861 559296879 773519077 278047550 896386042 937794952 141124935 706341072 728961467 216608743 492831808 291874930 885911509 100011469 916734878 465865886 775263023 768434900 290978948 27121764 941809104 342116101 507357462 79216487 224801684 237962048 298969227 661055377 355625145 457409095 772325695 23421331 663019921 883261754 103503580 743102170 994197813 309114406 410898356 105468124 467554274 528561453 541721817 687307014 259166039 424407400 824714404 739401737 475544553 998088608 991260485 300657615 849788630 666512032 880611999 474648571 273691693 549914758 37562034 60182429 625398566 828728556 870137466 488475951 993004431 207226622 857288647 934488242 424379198 1434602 174876846 269882441 766523500 766523501
1 993282199 512942365 617147695 857477426 653034111 935253242 848519395 231046652 700329568 323574759 104175811 604680436 344145520 552932358 848234893 241100134 302152392 928564093 40831037 252120403 336406846 851270609 632429477 306827750 709007892 893420882 495132927 503403426 251724976 929676484 630067926 288162648 527436235 855427123 469858721 702050559 100015225 841472639 514286487 574116667 246930515 988387929 386352595 618544433 232976031 560966919 800240506 458335228 158726670 836678178 584999728 593270227 194982272 379395262 781575404 455973677 237132545 751996308 836282751 47572110 159839061 786250762 847303020 240168261 535470796 744257634 483722718 984227343 764828395 388073586 857356502 239883759 153149912 435369043 230925728 471255459 575460789 95120955 88403146 88403147
1 986564471 8120256 478094956 807759288 86488559 524330634 996894543 21335255 638654463 282721306 900342701 48976522 936306613 351734993 65293566 233969910 869151492 678318211 387594100 785221671 528174638 427227648 552002322 719173638 616558947 117797433 108449150 840744205 728727201 657944493 645997370 382695478 764638877 729451972 264561222 119512799 690802908 118087337 913309933 624529006 335748079 130970668 558255104 129545206 984496790 519606040 484419135 866362534 603060642 591113519 520330811 408313807 140608855 131260572 632499065 529884374 697055690 821830364 720883374 463836341 861463912 570739801 379906520 15088095 183764439 897323019 312751399 200081483 348715311 966336706 610403549 227722750 252163469 724727378 162569446 441298724 770963056 240937749 262493541 249058004 249058005
1 973129016 949517902 553880034 330202721 716396096 243444852 299953565 962212966 944018196 93055359 877324928 660683415 487672488 944874103 610941419 286863770 852770796 513741021 485928943 520489011 518363554 516713897 454486694 995475283 23429589 707831464 515434952 237835835 421258433 290093329 227084605 928818966 749799932 233484682 808446375 591789663 628586242 733850 610152524 964705991 707108291 61661751 671080425 43228033 80024612 863367907 438329593 922014350 742995316 444729670 381720946 250555842 433978440 156379323 963982818 648384686 676338999 217327581 155100378 153450721 151325264 185885332 158073254 819043486 384950505 60872856 726940179 184141787 11130860 794489354 578758916 727796086 709601316 371860710 428369423 955418186 341611554 117934241 722296380 698685266 671814274 671814275
1 946258107 672003435 176951750 407535976 54188604 866612964 901437132 156433852 643940884 936936774 227884865 878953793 75253511 822512888 26501190 809758848 282882910 191180684 598003910 543792353 674316569 504596124 910514189 701596664 346735322 446935961 70740262 246161330 480887905 319589931 351560314 232340439 934145491 912160230 311333956 893196743 108601337 315000844 438390192 789503708 216199354 642895007 994008523 117397864 323797371 539201972 121064752 520238485 498253224 200058269 80838394 112808777 951510810 186237378 361658446 985462754 85663386 730802051 521884526 927802591 758082146 888606362 834394805 241218024 149515798 622639867 405897518 609885827 357145197 553444922 204513843 495461941 788457831 275964856 530961583 565785751 378210104 24862732 255446958 760395280 486140608 432398707 432398708
1 892516290 609174526 140084850 193819768 520473504 293001790 940694773 917126217 171947614 957929531 131002385 834109400 459268016 605438971 177407913 567981231 345734783 302704902 386822492 691889310 93882414 413337759 632703736 170767436 409321198 177919399 456076924 100133165 965510111 875234486 188196195 948370640 610308782 632882054 903873301 992309050 107097405 280694299 710645443 658820119 29032011 724857917 95069809 43244485 473195629 646792523 761580885 850016634 121007874 143581146 805519295 565693733 878655449 788379824 653756763 297813004 575970529 344568730 583122492 121186192 340552169 660007514 62000618 367067436 451185026 408155145 185908697 576482015 148450957 294621912 919780535 622887543 795960404 581942314 836763718 813195162 460888138 233416424 560070160 613805078 144715402 861373645 753889927 753889928
1 785032657 906375123 512650182 315971606 628422338 168419045 379697594 687632914 421068135 433295730 458813410 406596165 485628562 689613414 219254263 896826777 845949494 915623403 714973183 673137217 346328626 421360434 811830442 864113502 888397168 953774259 89478853 900246257 572760332 235324611 284940113 270629168 65771378 276619401 183541088 5226032 700535433 980655591 337755187 990669408 207429488 417266680 627103872 843863959 496778173 853877776 133997927 829307328 650992272 557913959 768761982 563904192 549593247 599208749 261773028 934287110 745054507 880759108 946136199 970419865 22702918 413172926 488204734 161396143 119560177 918909964 988583873 937706590 615279097 144919946 348904798 427937195 375719950 401237630 413465225 146900446 454835766 666114315 206111022 518561754 321883178 928158244 49500703 834533359 834533360
1 570065392 661868081 279735398 617172653 364233911 452719998 342685195 805108313 158415329 767431038 2940404 237942212 480319661 309457359 470620238 593853409 108137966 921409731 646231136 324111208 373148520 856321829 29637628 936324457 809249465 55734520 778088759 296914710 496846133 369641260 60937067 317528478 579572644 101790600 715068479 370417521 876421840 871268336 601019844 154183938 292161485 69364523 535037293 312240331 450217878 3381972 733133487 727979983 233984295 889333344 502611216 24829172 286873338 543464749 234760556 107555683 307487106 826313064 548667296 795152358 668077366 574764188 748079994 231253296 280290608 958170687 682992092 496263850 10548407 133781578 294944457 124082155 366459604 601461412 836970785 445986487 799293510 261716621 151681818 240167905 987229170 324666418 942533742 34336424 604401815 604401816
1 140130863 441162213 715860004 303901117 793560648 671986553 959081134 318104984 382601256 639721611 360043330 313779035 332198774 705195365 810853453 509544550 516221717 968304375 580483903 103821130 600606965 950055566 515899743 275281814 92601871 869049055 130556277 517762993 126436946 779108368 649896550 829978368 852007456 280020894 35576227 173940356 824905613 924134732 861673433 569473888 363243385 129941202 593679722 57418235 824116059 617885556 325686011 263224712 362453831 13419081 151783210 907338550 335351988 357381076 537462894 408251076 60922491 669596451 56803160 318310389 94757566 912077630 671459701 237303878 586752479 83538307 606875541 219055069 671137727 677814894 376505991 482164079 855160670 873580409 827316114 547637833 804758188 869254460 228278310 515372891 393798796 883458327 471499440 746197231 47228574 187359436 187359437
1 280261813 374740766 362227841 651745494 985156396 775878524 103559431 589435023 956306100 879835437 579083636 442420318 184210265 160639506 452916445 43705497 469653641 533302937 422679389 653148847 169368800 491337281 135205104 899628629 750402795 205640284 667567719 848503263 341124729 485702059 205866121 783492503 617063226 809133529 121851442 285756920 217371170 286534659 749538635 708753744 21494612 296667242 969261641 705728147 378322539 653495169 966236044 925451153 388455122 457618611 389232861 553138339 865856259 57926555 891497285 469123660 189287722 333865052 826486525 7422062 469349497 924586993 775361159 539784677 183652500 505620981 21840934 252310392 141686844 205336140 631284284 222073336 514350275 490779516 232569463 95906145 795154351 718683688 85554758 571430350 899111264 689833392 23244287 312761940 300249015 394727968 674989780 674989781
1 560523714 506999854 676617009 48093717 657559452 199129927 450513968 693229027 717862448 226371112 576167193 340903756 202887626 225362353 133986431 805893703 600561245 478164013 784793055 881003334 140234860 648466909 673182797 279047268 86704387 827663389 441593523 328225031 143937223 183122595 758435056 589621237 855729404 258150511 79862142 31132347 119464139 260781217 308278042 786296164 922953178 766938079 294204944 374539935 454874926 982141798 826126699 962783713 440801828 488298653 629615731 717947523 669217728 490929359 893350473 159458633 990644821 565957275 605142647 420854839 307486347 921416488 662375483 470032602 75897073 100612961 608845010 868076543 964286822 270915857 148518625 943186174 615093439 523717517 546192244 408176114 172912677 522708758 31217422 55850843 298565902 549949943 91520418 700986153 72462861 242080016 188556156 749079869 749079870
1 121047510 847086044 815455012 429530953 33322601 628903065 131895545 181206318 330175226 919077659 797323996 372789539 90015773 799894745 45959238 615188684 640342246 325525523 645505680 436583353 874396525 450709219 603669618 406245945 392386342 895992082 507411703 897324073 339843413 313033727 74154652 446733628 703209811 956114117 73315098 464452472 189651631 382602579 630963572 652044495 292544973 280089402 991106913 387724289 778543412 175160788 886178299 873722728 514223206 535304129 783665122 976616070 701815229 92952596 210153584 463057890 719534073 92113042 853233974 826424288 268943628 658855998 270275619 773881359 760021756 562598083 715558482 291871176 729684348 520762021 840742178 525925455 551079017 120308456 366372956 76251921 793478162 368943705 247190042 836092475 985061383 34372149 537364636 132945093 736736748 350812689 319181657 45220184 166267693 166267694
1 242095110 314486431 805391381 92240298 139597305 234742491 883021449 578187013 160670210 854047303 94100091 834859222 337804654 929635570 527348001 905150387 50122645 929968531 347951004 999153315 797557917 699671772 136297409 602012681 14277003 696898101 551020435 989335007 829394461 434493520 154972337 117334059 819683655 546952811 181733688 217071707 287195242 973036856 133876673 912966061 889113308 378547781 52995069 29617468 648313875 267010275 243632674 918079969 407514442 383661689 162751070 323590894 9432501 79556036 114894055 749674939 476944095 179293684 141655406 862134230 467233289 307292743 745607315 599729649 282350740 694615069 160330334 596955978 499069833 297474435 948676746 366659219 246505098 391477363 769279749 366992180 958823096 461768528 202527652 442580447 135957533 718440737 413606301 61885252 157030438 204387445 491236369 982141319 54532633 296627742 296627743
1 484190311 732019039 210857666 335642521 862489700 648565576 17283138 377484280 596223836 569477399 307032145 381177040 683143204 293296282 19506346 466004270 788486159 378477672 846722325 34691581 486158923 921504449 548489727 318540669 706051425 758530792 726948325 956022602 209938662 891755254 463219287 170364076 791953513 684999913 718722736 208739561 852362927 456980081 926019896 393195189 904027466 733219563 880624165 876549351 214459029 371920881 709830566 705755752 853160354 682352451 193184721 660360021 129399829 734016990 377640349 867657181 901380004 794426404 416015834 123160623 694624663 376441248 630357315 859431592 827849125 880328492 267839241 37890183 664875468 100220987 551688329 739657592 207902238 797893758 120375640 566873564 293083628 903236713 205202870 279347765 16902511 990156081 208895630 569096772 937814341 723890217 250737389 375522244 854360878 102189599 586379909 586379910
1 968380714 257375096 725143712 444544739 711479810 576562379 914904255 866425222 670917621 750829392 381532108 824905062 58167776 367756940 189211371 424061169 609075039 327537231 941793920 539252492 193290047 711885475 669064339 809307573 18102262 785776390 417584882 976296065 483605919 870548300 111842442 878390784 148263743 700253732 604012995 690559373 79206334 702183696 717719787 200056782 415302994 633841436 408440885 595304306 939483825 559855581 180227337 524406856 711270277 485869726 704408168 919654380 401991375 417527466 40504821 429151789 515698167 419457430 971447419 241320378 7868713 249162862 636105243 143415097 702126280 333934772 101608893 310403589 450646823 407825687 926421115 580458670 177917242 792173931 510636123 695649993 930499791 751954222 61543379 294806100 738179054 368881770 448793541 253285940 204806907 543148783 408231352 675166423 394567450 862336066 151330448 119711154 119711155
1 936761514 863150353 321708402 485657306 833360330 646159471 480160614 479592326 355319520 616203028 897224370 9398368 631658417 169776110 80179972 967526664 616060414 512909989 401170424 17051845 617812649 290249099 601412399 67192586 312880957 446916192 339394378 873187712 967421256 937775717 423500638 921127031 622804680 404704969 59437567 583450091 371724659 820718631 328894291 959196238 45734998 850937100 297311826 210737691 386166440 408435410 964124245 986393215 161821957 75247822 521622555 326824650 413363417 43665357 551841024 834989 789109564 313122081 967854686 749754975 451432624 949059017 434783938 405138399 499371943 33165270 925643463 59678691 305367062 771147256 82310549 754747006 355507803 971389231 859649666 756499241 405032991 292379676 202783538 740901238 363161280 475335285 756356627 17240128 892967329 892399041 726400184 539199325 886902349 50851246 509409302 435798141 372559647 372559648
1 873523115 708271238 696665524 703750895 709319184 692185121 703317940 90304030 798134928 980392256 527746358 591800976 613883951 710973056 864968254 782170922 556166642 181941270 4567315 445870335 853714710 776052297 331832459 380094671 838385818 655522986 893343367 61866638 653026070 953428230 569665793 77731818 285234496 155759031 422050370 94469645 965641991 196331801 116014563 416231364 717466397 14249921 330449145 646099053 300540594 118619564 882862985 647106399 465185369 119626910 435276818 751476042 48259566 349494599 649711400 569394162 800083979 671256318 343675593 609966932 480491467 687994145 196060170 812297740 112699893 703859325 872382603 110202977 927340152 385631292 433893504 989673673 912011260 319855628 761158648 583784693 209559321 983555048 900757716 54752907 151842012 173924987 237979605 785333714 967591042 675421933 62408023 73540842 56406779 61975068 69060439 57454725 892202855 765725962 765725963
1 747046318 235985936 655886754 611982214 297246073 684021931 231018820 704714556 837799785 423918071 666297433 24106396 713855923 3079395 428309103 494365420 802501897 837881884 100823992 710392912 221998381 24090804 615796249 394303592 784752573 386127350 244699820 541481024 735846685 655995246 202139766 23760473 595077300 136104676 695114043 818398869 268104419 664175276 831495072 562301291 26313323 355931768 295008088 257812603 775918705 602149068 189781580 85636313 673268832 499499195 17605290 980409812 919486132 249104570 713116609 443922828 611242624 7313474 457019031 580303857 139313217 680340600 251657420 73278127 619422654 539571215 733936876 30718073 889290550 490665327 881114308 659621651 251327089 53419512 565024988 174593901 437536016 472916003 781052480 847108797 272338498 561561977 251311497 609120467 851499829 437618115 570703344 44399073 591395969 978171827 663435686 619531146 39431957 528371582 275417892 275417893
1 494092725 677357521 806224832 57378744 85839720 837545943 410123909 903105802 392878288 551679537 452522994 948664561 18920102 296232121 105455989 97249182 994267375 317405106 371266323 681698382 873825288 203966948 561829360 810715599 793425186 142870671 880509229 587237052 896109776 637580038 764158405 923180308 753298325 253533266 462595229 682714272 291899649 720996198 781968391 449571545 594031638 752298677 200671120 236995610 98515443 872859682 216968967 495476666 773984365 118093650 892437889 753957722 790282212 238654655 396921694 541381787 208984941 269957134 699053683 308239060 528358103 737420066 237655007 67773024 226794927 353373294 94843556 403716280 110444103 848082661 197528146 180237733 429123972 786986384 117128044 309254950 619687009 673548226 996685964 893704150 885497343 694721211 972033230 42288771 538430338 439273795 598075044 87847530 580829423 153407389 905113612 933574588 184728500 313595811 496860607 990953331 990953332
1 988185547 464973820 573863354 72027396 851261477 760075750 497671532 39103713 305198670 641763971 426395276 249616420 901368553 32770341 274561685 300627122 773996317 572086419 500329610 274438915 714931253 101961195 781425544 843262188 811293010 984121089 798075815 665519992 402649399 700445386 170931037 899404334 618862475 84756711 626023778 941331891 737756890 632830347 817510811 786599582 574906511 614614384 205956165 501042783 92477589 147207768 930353820 126804739 977574450 174025369 957171421 11901593 603336406 898423024 489764805 529472678 317779607 286868378 471548842 366622299 163047298 478355411 19622471 485516714 204974855 933448152 403933803 701729790 438859197 306303374 120258100 293086179 261117001 322953645 2417987 389447936 829940274 604049579 532292770 330382872 803752067 829817504 71608841 203010636 854762769 677983913 462615218 799180519 65275469 606707657 344303439 253117712 32351786 530515835 639405369 116193642 104379181 104379182
1 976371185 248918840 932939814 877155232 878144009 487847023 908340745 640042514 571320828 222085073 591972333 341402192 86171624 107881581 145695555 899280740 583357444 563343127 773505335 289256090 134722677 394813567 503263694 688469947 495019591 795658538 202840577 963462108 665881004 496615154 100079061 132722214 402009634 192545459 961285323 268777463 397338460 683553340 670252770 483720151 768848735 198089226 480476463 874514079 310279159 820077236 311786932 661476660 218959065 776441477 126131198 617840901 127638971 563404058 957441674 239828904 669069402 954197986 767665367 754364797 40579670 169140667 476632814 245372671 35908496 305195916 337839069 941302983 772037133 474456029 235077553 642259599 942898546 749448190 934654443 43104563 303195453 148662040 664412802 874575010 854560693 538637397 292222575 330036549 351746506 96515938 845945804 215833057 866597309 797875623 529577392 950071114 559774128 560762905 504978323 188999290 461546952 437918129 437918130
